0.245989304812834153     0.175757575757575835     0.143672014260249642
0.0601875532821824488     0.026768968456947994     0.0247229326513213957
0.278431372549019562     0.228557063851181519     0.277425842131724387
0.542959001782531203     0.37575757575757579     0.29376114081996435
0.314640522875817064     0.223529411764705616     0.174640522875816939
0.000784313725490196046     0.313725490196078372     0.503529411764705892
0.000603318250377073931     0.348717948717948645     0.668325791855203577
0.00130718954248366004     0.334640522875816915     0.650762527233115451
0.57908496732026149     0.213725490196078449     0.0189542483660130705
0.208714596949891029     0.246623093681917233     0.241394335511982611
0.171358543417366976     0.106792717086834674     0.107773109243697429
0.679500891265597318     0.495306001188354217     0.356506238859180147
0.00264279624893435641     0.260528559249786851     0.474765558397271914
0.0577540106951871593     0.0516934046345811013     0.0263814616755793201
0.117345399698340888     0.0552036199095022745     0.0395173453996983393
0.491764705882352993     0.367450980392156901     0.330196078431372553
0.0802139037433154817     0.047771836007130114     0.0368983957219251313
0.442636629119732727     0.350604922820192122     0.267834793491864953
0.697872340425532256     0.516145181476845849     0.251314142678347952
0.0704099821746880378     0.0303030303030303004     0.0368983957219251313
0.00130718954248366004     0.30756302521008394     0.530345471521942113
0.00112044817927170861     0.274789915966386522     0.539495798319327702
0.547237076648841247     0.431372549019608031     0.357932263814616736
0.223707664884135515     0.187165775401069545     0.182352941176470634
0.213475935828876862     0.141675579322638301     0.0730124777183600859
0.0915032679738562171     0.0617647058823529438     0.027124183006535945
0.160427807486631074     0.112774806892453977     0.0489601901366607389
0.953393665158371206     0.529110105580693713     0.0742081447963800905
0.14431372549019611     0.0721568627450980271     0.0086274509803921564
0.00106951871657754013     0.303565062388591711     0.560071301247771713
0.00112044817927170861     0.340952380952381062     0.654565826330532397
0.00137901314371902616     0.331135531135530681     0.629907347554406138
0.378244631185807811     0.259570494864612533     0.130438842203548094
0.0627450980392156854     0.0563725490196078372     0.131862745098039219
0.479131652661064444     0.293417366946778668     0.112605042016806739
0.0892156862745098062     0.00784313725490196068     0.00588235294117647051
0.230208333333333126     0.141850490196078483     0.114093137254901972
0.657823913879277633     0.56070742022299136     0.460284505959246359
0.100915032679738559     0.0316339869281045752     0.0318954248366013077
0.432633053221288644     0.371988795518207294     0.360644257703081283
0.143137254901960748     0.0514705882352941291     0.0387254901960784326
0.371792225662194276     0.26983144134846887     0.234227726178190154
0.000170502983802216533     0.355498721227621328     0.678942881500426032
0.171988795518207366     0.131204481792717098     0.153277310924369775
0.00196078431372549017     0.28540305010893241     0.571241830065359335
0.0594117647058823445     0.295098039215686392     0.443529411764705894
0.562566844919786258     0.365656565656565791     0.149613784907902586
0.00178253119429590007     0.35971479500891268     0.688770053475936006
0.00188235294117646977     0.316862745098039023     0.597437908496732506
0.0656862745098039241     0.0243464052287581667     0.00326797385620915043
0.305169340463458338     0.170124777183600723     0.120142602495543663
0.102832244008714657     0.0684095860566449054     0.0584967320261437912
0.0319051077221011656     0.00968288549987895986     0.012539336722343258
0.000341005967604433066     0.348678601875532679     0.659676044330775646
0.0718266253869968979     0.0396284829721362183     0.0569659442724458273
0.196885813148788974     0.0884659746251442031     0.055017301038062294
0.143084260731319635     0.0767355590885002992     0.0972972972972973443
0.0946204122674711295     0.0580191050779286302     0.0842634489693313699
0.113398692810457544     0.0493464052287581681     0.00457516339869281068
0.243627450980392124     0.164215686274509803     0.207843137254901944
0.00326797385620915043     0.318300653594771221     0.571241830065359335
0.132194813409234641     0.0824794433902593521     0.058823529411764712
0.778300653594771075     0.529150326797385495     0.0601307189542483536
0.966314731020613382     0.796480643539467459     0.0547008547008547008
