0.232156862745098058     0.176470588235294101     0.133333333333333359
0.408137254901961011     0.398529411764706132     0.357450980392157169
0.713725490196078227     0.818562091503268197     0.948496732026143818
0.162254901960784403     0.140294117647058875     0.0909803921568627522
0.908627450980392326     0.858039215686274614     0.771764705882353352
0.101176470588235326     0.101437908496732038     0.0786928104575163323
0.440607210626186074     0.315876027830487072     0.19177735610373195
0.1972262075561933     0.197417503586800686     0.157245337159254039
0.788901220865704911     0.868220495745467558     0.990603033666296429
0.0825708061002178584     0.0888888888888889062     0.0485838779956427047
0.531966726084373676     0.479441473559120368     0.299524658348187756
0.781647058823529806     0.780862745098039546     0.782117647058823695
0.168627450980392141     0.189803921568627465     0.13137254901960782
0.728931572629051838     0.659463785514206147     0.53685474189675908
0.393837535014005813     0.380728291316526857     0.211204481792717169
0.855578093306288312     0.880594996619337711     0.946315077755240042
0.13823529411764704     0.110457516339869277     0.0450980392156862739
0.172624434389140297     0.164404223227752694     0.111613876319758581
0.560071301247771824     0.551515151515151403     0.494474153297682739
0.660606060606060641     0.623529411764705777     0.537254901960784292
0.715077755240027035     0.825557809330629166     0.960649087221095321
0.121568627450980404     0.125708061002178628     0.0969498910675381659
0.72313725490196068     0.839803921568627709     0.981764705882352984
0.30936819172113289     0.304575163398692839     0.182135076252723294
0.484313725490196134     0.449836601307189665     0.359313725490196079
0.25803921568627447     0.252810457516339848     0.103529411764705911
0.762091503267973813     0.871895424836601429     0.967320261437908502
0.621288515406162589     0.590476190476190488     0.360784313725490191
0.282107843137254843     0.268627450980392146     0.252205882352941169
0.735870818915802083     0.842329873125721273     0.988811995386389753
0.344896933132227412     0.3276018099547513     0.262745098039215697
0.798060299388572369     0.871726755218215743     0.973476702508959457
0.323076923076923039     0.290799396681749533     0.203619909502262469
0.813520632133449606     0.872110038045067926     0.959701492537311851
0.577752639517346012     0.52692307692307716     0.435972850678732704
0.778267973856209494     0.69967320261437882     0.569444444444444309
0.293071895424836582     0.268235294117647072     0.207843137254902
0.462339418526031165     0.421095334685598455     0.312778904665314383
0.769150326797386041     0.858997821350762858     0.976383442265794765
0.753752535496957865     0.846112237998647987     0.994455713319810752
0.317973856209150252     0.310620915032679579     0.235294117647058848
0.757485216308745879     0.852474323062558104     0.978400248988483878
0.688515406162464982     0.80336134453781527     0.938935574229691983
0.291195693963860358     0.263590926566705241     0.148788927335640225
0.899019607843137392     0.893529411764706127     0.919607843137254966
0.80991926182237628     0.854440599769319742     0.900115340253748841
0.644880174291938779     0.646187363834422435     0.652723311546840934
0.446967624259005825     0.422070223438212488     0.266940264477884326
0.330920060331825028     0.306787330316742102     0.14992458521870286
0.311546840958605631     0.28453159041394338     0.239651416122004357
0.662047930283224839     0.585795206971677973     0.475729847494553049
0.250889192886456946     0.240948472412220643     0.186502507979936255
0.832620320855615215     0.772727272727273262     0.675935828877005651
0.59365079365079354     0.5060690943043884     0.372735760971055097
0.406390704429919924     0.372694262890341188     0.268554829339143153
0.238546150167383952     0.215112386417981832     0.119464371114299361
0.776741041244083941     0.854158215010141664     0.949628127112913667
0.35441176470588226     0.326715686274509753     0.178431372549019612
0.476709708273553356     0.46724055475848858     0.419799139167862323
0.486452762923351101     0.140463458110516942     0.144919786096256692
0.877559912854030677     0.307625272331154664     0.310675381263616546
0.906274509803921768     0.908039215686274659     0.875098039215686518
0.768627450980392535     0.868024132730015441     0.99411764705882355
0.74864612511671369     0.859197012138188776     0.995704948646125132
